45.1269 -92.6756 0.0
32.276 -94.9726 0.0
40.3232 -98.5961 0.0
39.1207 -88.5509 0.0
39.604 -110.8004 10.0
45.1315 -94.9331 0.0
21.3294 -157.846 0.0
32.145 -95.1229 0.0
47.3887 -122.2128 10.0
44.4475 -89.2832 0.0
47.3914 -122.3154 0.0
44.3508 -89.0721 0.0
39.7115 -96.8732 0.0
42.4277 -78.1615 0.0
39.3242 -77.7517 0.0
34.9366 -100.8918 0.0
30.1346 -85.5572 0.0
40.1599 -78.232 0.0
30.2157 -103.2433 0.0
32.2387 -96.4978 0.0
46.9443 -100.9526 0.0
37.3108 -89.5596 0.0
35.951 -116.3056 0.0
27.9772 -97.7765 0.0
34.7292 -76.539 0.0
46.7193 -122.1859 0.0
30.2399 -92.0947 0.0
35.0812 -96.8598 0.0
44.0029 -91.4285 0.0
29.6776 -90.7833 0.0
44.0826 -93.5025 0.0
44.6684 -88.2353 0.0
32.5125 -96.3851 0.0
39.6051 -93.3433 0.0
33.2269 -97.5886 0.0
48.1697 -122.1446 0.0
40.5903 -98.5069 0.0
38.2805 -82.1086 0.0
34.2169 -90.5426 0.0
35.5938 -119.3671 0.0
32.8657 -97.3652 0.0
46.3887 -97.2987 0.0
40.2737 -81.2812 10.0
32.7924 -91.4125 35.0
40.8999 -74.5808 0.0
39.4278 -120.9996 0.0
41.6893 -98.3626 0.0
47.1043 -97.2184 10.0
36.3255 -77.5901 10.0
40.7243 -96.1207 0.0
30.109 -83.5821 0.0
39.6685 -75.5692 0.0
37.3072 -81.3438 0.0
44.0293 -88.1625 0.0
31.7282 -97.1123 0.0
29.2153 -99.7782 20.0
38.6117 -81.982 0.0
44.8108 -88.4485 10.0
30.2393 -93.0128 0.0
48.9929 -111.9668 0.0
48.5093 -100.1733 0.0
38.0333 -89.24 0.0
45.5114 -90.7148 0.0
28.6973 -95.9667 0.0
47.8707 -95.0052 10.0
43.7464 -89.1384 0.0
43.7855 -91.0436 0.0
44.4607 -87.5133 0.0
37.4992 -91.8617 0.0
40.4151 -104.7705 0.0
48.4677 -122.3298 0.0
41.1405 -104.7927 0.0
40.7742 -98.3708 0.0
28.8285 -96.985 0.0
42.2758 -97.1909 0.0
43.1084 -88.0714 0.0
32.8718 -97.2515 0.0
42.5477 -77.991 0.0
31.0713 -84.0922 0.0
39.2955 -103.0767 0.0
43.134 -88.2231 0.0
40.4183 -90.4974 0.0
42.4669 -78.1107 0.0
45.6577 -122.6204 0.0
48.8251 -100.4446 0.0
41.0755 -97.7834 0.0
33.4399 -84.1508 10.0
43.6622 -91.2181 0.0
46.2826 -119.2937 0.0
44.3217 -91.1206 0.0
45.0441 -91.9037 10.0
35.8294 -92.5563 0.0
32.2438 -107.6832 0.0
30.5968 -83.107 0.0
29.81 -97.9103 45.0
30.6197 -85.7062 0.0
30.348 -92.2771 0.0
43.0282 -74.9928 0.0
35.8439 -97.938 0.0
33.6909 -117.1849 0.0
34.3858 -102.1151 0.0
34.8823 -76.344 50.0
43.3868 -98.8437 0.0
33.6213 -100.8368 0.0
42.7462 -109.7068 50.0
42.1112 -88.512 0.0
35.486 -83.3011 0.0
44.8366 -85.2871 0.0
38.3343 -77.7599 0.0
42.9716 -87.8729 0.0
31.3177 -95.4564 0.0
18.012 -66.6198 20.0
40.3388 -95.676 0.0
61.5539 -149.0035 0.0
40.4105 -95.9997 0.0
43.7659 -93.5645 0.0
36.7925 -94.7231 0.0
37.4715 -88.9746 0.0
29.7781 -82.4828 0.0
41.208 -104.4744 0.0
42.4757 -98.8093 0.0
39.3897 -87.3002 0.0
35.3061 -82.5902 0.0
42.738 -90.3347 0.0
39.8044 -105.4946 0.0
36.7211 -107.8332 0.0
40.7617 -74.9301 0.0
35.448 -94.3529 0.0
30.3687 -89.7495 0.0
44.8906 -89.5487 0.0
34.4744 -109.6102 0.0
42.5299 -85.8462 25.0
41.1803 -104.0692 0.0
39.621 -106.0386 0.0
42.7069 -89.4367 20.0
40.7405 -74.3838 0.0
46.0761 -97.3845 10.0
30.195 -83.2909 25.0
41.4437 -82.7149 0.0
37.6898 -95.1441 0.0
41.9981 -80.141 0.0
43.3856 -89.0456 40.0
29.7253 -99.074 0.0
44.7777 -108.6542 30.0
48.8445 -95.7624 0.0
36.257 -94.4907 10.0
46.7923 -105.3125 0.0
28.3073 -97.275 0.0
41.3532 -88.8307 0.0
34.2791 -101.8968 0.0
34.9877 -101.9179 0.0
37.459 -82.734 30.0
37.3441 -77.0687 0.0
40.6866 -75.4904 0.0
41.3682 -96.1617 0.0
31.6899 -93.6832 0.0
36.699 -95.6379 0.0
42.9001 -90.4337 0.0
38.7153 -121.361 0.0
41.9803 -92.715 0.0
39.2693 -90.2066 0.0
31.343 -87.8378 20.0
41.0346 -107.5357 0.0
34.1777 -86.8399 0.0
41.1586 -88.6542 0.0
32.7317 -94.946 30.0
47.1694 -122.3628 0.0
32.1586 -97.1478 30.0
44.2985 -93.2787 0.0
48.9669 -97.2475 0.0
33.0149 -99.0534 0.0
32.4622 -96.3954 0.0
30.1112 -92.9236 0.0
36.3182 -99.7577 0.0
33.6652 -97.721 0.0
34.6297 -98.6181 0.0
36.068 -79.0994 0.0
40.796 -96.5657 0.0
34.9437 -81.9256 0.0
39.8906 -75.0722 10.0
46.1191 -94.0368 0.0
31.1741 -84.7319 0.0
26.5662 -98.1297 0.0
38.9174 -75.5039 0.0
45.5371 -90.5335 0.0
18.3839 -66.1134 10.0
29.9146 -95.0591 10.0
18.4152 -66.3211 0.0
31.484 -82.0171 0.0
33.182 -99.1798 0.0
40.3953 -96.9222 0.0
37.4873 -119.9683 0.0
30.5064 -82.9541 0.0
40.5744 -74.5011 0.0
33.1088 -96.6735 0.0
34.1189 -110.9559 0.0
45.8946 -89.6913 0.0
33.3799 -110.7571 0.0
44.34 -89.1231 0.0
33.3461 -107.6488 0.0
48.0013 -117.5612 0.0
46.8665 -89.3122 10.0
38.6558 -80.216 0.0
39.2849 -80.5645 0.0
38.5422 -79.7859 0.0
43.9554 -89.8169 25.0
43.0448 -83.3255 0.0
44.7908 -95.2048 0.0
41.456 -86.3083 0.0
36.2643 -89.1947 0.0
42.7499 -98.0313 0.0
40.6818 -102.8395 0.0
31.4541 -93.7979 0.0
40.871 -93.7918 0.0
43.9847 -104.4268 0.0
37.1 -81.1161 0.0
48.3671 -119.5784 50.0
40.1252 -93.3196 0.0
36.861 -101.2161 0.0
36.1371 -88.5077 0.0
35.9939 -106.0358 0.0
42.3301 -78.8673 0.0
42.044 -100.832 0.0
32.9485 -108.5762 0.0
38.6899 -75.3872 0.0
42.8473 -106.3818 0.0
29.5824 -95.7602 0.0
36.8973 -89.5353 0.0
46.5368 -98.4681 0.0
40.1659 -95.9443 0.0
43.9177 -87.7469 0.0
36.071 -88.9921 0.0
33.6499 -98.4677 10.0
27.9221 -97.2918 0.0
48.1788 -117.0545 0.0
47.6685 -97.106 0.0
43.4163 -85.8032 0.0
35.672 -77.6308 0.0
35.2375 -82.3469 0.0
36.6957 -84.4768 10.0
41.6028 -73.9774 0.0
45.3814 -93.8737 55.0
44.1025 -104.6374 10.0
35.5754 -105.6787 0.0
38.3484 -81.6323 0.0
31.5297 -94.1108 0.0
41.2106 -79.3803 0.0
43.5489 -89.4658 0.0
35.0517 -119.4054 0.0
43.4435 -95.4371 0.0
45.5704 -117.5286 0.0
34.037 -83.2139 0.0
46.0347 -99.3736 0.0
37.3737 -102.4474 0.0
39.6344 -77.8942 0.0
45.4137 -87.6091 0.0
29.975 -92.1266 10.0
18.4529 -66.5381 0.0
29.5357 -95.4693 0.0
32.7917 -105.5723 0.0
39.3051 -76.6144 55.0
42.6807 -75.4964 10.0
32.3704 -99.1958 0.0
33.797 -116.9915 0.0
30.5216 -93.0428 55.0
40.3249 -79.6997 0.0
32.9717 -96.7092 0.0
18.4309 -65.88 0.0
46.5589 -91.5712 0.0
36.3797 -95.5969 0.0
31.7317 -93.0979 30.0
40.6801 -98.2734 0.0
45.8798 -92.3628 0.0
32.4928 -95.173 0.0
33.5793 -96.2731 10.0
43.5396 -89.0029 0.0
35.1509 -94.9669 0.0
40.0114 -97.9238 0.0
39.5625 -95.1368 0.0
40.6515 -73.5535 25.0
33.3802 -99.8438 0.0
31.5377 -97.4427 0.0
33.0463 -96.3811 0.0
40.3641 -99.1694 0.0
42.548 -75.2455 0.0
33.095 -96.5792 0.0
46.2506 -119.1303 0.0
38.7471 -81.9555 0.0
18.2698 -66.705 10.0
31.3919 -102.3503 20.0
34.8217 -103.3157 25.0
31.4916 -94.9473 0.0
31.4508 -85.6473 0.0
46.9865 -104.1901 0.0
37.2691 -93.1177 0.0
26.4947 -97.7863 0.0
34.797 -79.2559 0.0
35.968 -95.6543 0.0
30.4444 -86.642 0.0
30.121 -93.7616 0.0
46.1392 -118.148 0.0
37.6882 -77.0212 0.0
44.722 -88.8948 0.0
41.578 -92.8469 0.0
39.5247 -94.774 0.0
42.5801 -90.0235 0.0
46.6769 -90.9017 0.0
29.2487 -94.891 40.0
43.5416 -89.1108 0.0
42.6664 -74.3137 0.0
34.2997 -95.9894 10.0
42.2372 -93.6026 0.0
45.7801 -87.9991 0.0
38.582 -99.569 0.0
41.6877 -87.7916 0.0
28.6483 -98.0083 0.0
38.2233 -81.5363 30.0
39.1258 -89.8173 0.0
40.8444 -101.7256 25.0
37.6927 -81.6324 0.0
36.204 -120.0961 0.0
40.2136 -78.9809 0.0
36.562 -86.246 0.0
44.4007 -92.6255 0.0
46.6868 -67.9874 0.0
42.5875 -94.3447 0.0
44.4704 -93.9025 0.0
32.5769 -96.316 0.0
32.0492 -92.1116 0.0
29.669 -95.0483 0.0
47.2901 -102.0652 0.0
35.5927 -98.2913 0.0
36.5172 -84.5104 0.0
32.755 -99.8962 0.0
40.0218 -122.1269 10.0
40.8589 -102.8014 10.0
43.4283 -91.1963 0.0
36.1882 -95.3363 0.0
43.7798 -89.5625 0.0
34.1552 -85.67 25.0
40.622 -79.1552 0.0
43.2406 -89.2952 0.0
32.0156 -97.6061 0.0
31.96 -106.5936 0.0
29.9588 -92.0371 0.0
31.8738 -93.2033 0.0
43.0319 -83.5186 35.0
42.0697 -124.3002 0.0
48.7461 -122.4064 0.0
28.1439 -96.9888 0.0
36.6057 -120.1897 0.0
39.1557 -121.7492 0.0
48.5282 -121.9834 0.0
64.0496 -148.9205 25.0
41.4195 -91.068 10.0
36.7041 -105.4064 0.0
43.7451 -87.9656 0.0
18.4415 -66.1388 0.0
36.7915 -95.9328 0.0
46.4023 -97.8149 0.0
38.9409 -74.9042 10.0
44.2602 -88.8715 0.0
45.3412 -123.185 0.0
29.2134 -90.0306 0.0
40.7528 -74.1202 0.0
33.4221 -93.067 0.0
38.8201 -81.7091 0.0
44.8833 -108.4695 30.0
45.4929 -93.2414 0.0
30.184 -95.4556 0.0
38.6703 -91.56 0.0
36.6111 -89.7061 0.0
35.3127 -106.5537 90.0
47.9731 -122.3577 0.0
31.5995 -89.8746 0.0
40.9703 -97.4967 0.0
36.0283 -79.4894 10.0
45.7159 -92.3965 0.0
44.4915 -84.5914 0.0
33.2748 -99.0021 10.0
42.6476 -89.8598 0.0
48.0894 -101.0533 0.0
44.9942 -93.2026 0.0
33.4422 -94.1283 0.0
34.7908 -91.9069 0.0
46.7677 -100.6997 0.0
29.0573 -99.0068 0.0
38.0212 -77.9985 0.0
32.7773 -108.154 0.0
44.425 -83.3339 0.0
33.0148 -97.2268 0.0
30.4147 -97.0093 0.0
18.3971 -67.1155 20.0
46.0633 -118.3876 0.0
30.6977 -84.8341 0.0
36.4396 -78.0839 0.0
28.8593 -98.7006 0.0
36.4931 -88.8835 0.0
40.8778 -72.4004 0.0
34.4504 -118.6717 0.0
35.3341 -94.1799 0.0
36.4965 -77.6448 0.0
36.4239 -86.7976 0.0
39.0754 -79.6299 0.0
40.8997 -77.3472 0.0
41.1819 -88.1928 0.0
41.3099 -105.6085 40.0
29.6271 -95.5653 0.0
33.5945 -86.7684 0.0
43.1726 -89.0614 0.0
33.5642 -101.8871 0.0
42.1991 -97.5284 0.0
29.2945 -95.025 0.0
31.064 -98.1824 0.0
47.3146 -95.9673 0.0
41.4404 -110.4304 30.0
37.6741 -82.271 0.0
32.9149 -81.949 0.0
38.7754 -84.6137 0.0
30.485 -90.8658 0.0
34.9608 -120.5735 20.0
42.4747 -90.5428 0.0
43.4971 -100.4802 0.0
33.0585 -89.5893 0.0
35.9097 -81.5247 0.0
38.9502 -82.113 10.0
35.9097 -100.3839 10.0
39.4795 -80.2728 40.0
41.556 -89.4606 0.0
27.7883 -80.4815 0.0
34.5275 -78.1697 0.0
38.2082 -81.3868 0.0
30.2125 -91.7127 0.0
41.9394 -79.1393 0.0
40.7818 -75.1252 0.0
32.2867 -104.0972 0.0
37.8675 -81.2046 0.0
41.1562 -99.1532 0.0
26.0789 -80.287 0.0
45.1544 -98.4983 0.0
34.8985 -94.9759 0.0
43.1989 -94.2211 0.0
47.1154 -97.3879 0.0
39.6215 -106.6183 0.0
39.518 -89.0478 25.0
42.2747 -97.6651 0.0
44.6784 -91.1203 0.0
26.6615 -81.7399 0.0
45.4015 -91.8476 0.0
42.388 -89.5266 0.0
32.5552 -86.3425 0.0
48.3439 -99.6912 0.0
31.3086 -97.3596 0.0
40.4721 -90.6818 0.0
48.323 -110.0177 10.0
41.7665 -93.2827 0.0
43.9035 -99.862 0.0
37.5095 -76.9862 0.0
41.2589 -89.3216 0.0
31.5822 -86.2569 25.0
42.678 -90.1189 0.0
44.82 -91.4951 0.0
33.6943 -87.8307 0.0
44.2757 -88.6729 0.0
48.3471 -100.407 0.0
42.9912 -108.4562 10.0
32.2684 -98.8272 0.0
33.8671 -96.6596 10.0
44.3707 -92.042 0.0
43.6211 -85.2304 0.0
36.5313 -97.4342 0.0
29.8643 -82.138 0.0
32.0487 -84.798 0.0
45.818 -121.1626 0.0
48.3416 -103.1635 0.0
48.0037 -100.7199 0.0
28.1809 -82.6581 0.0
40.5804 -79.5754 0.0
28.2603 -81.4525 0.0
42.0328 -97.4209 0.0
38.3693 -121.5155 0.0
35.7413 -84.3704 0.0
30.4115 -83.3003 0.0
43.0475 -90.3801 0.0
46.6527 -94.3299 0.0
32.5153 -92.3539 0.0
35.4792 -77.5902 0.0
38.9346 -99.5568 0.0
47.1734 -122.412 0.0
42.7274 -87.8135 0.0
32.403 -98.8173 0.0
47.6671 -117.433 0.0
34.4293 -100.2516 0.0
39.6247 -78.2275 0.0
44.6791 -106.9971 70.0
46.8141 -90.8226 10.0
41.4283 -89.2137 100.0
35.5662 -97.2901 0.0
41.663 -78.8096 10.0
33.9392 -80.393 0.0
43.3945 -94.4834 50.0
18.2123 -65.793 0.0
33.5588 -82.3183 0.0
31.2572 -85.2896 0.0
43.8441 -88.956 0.0
48.3132 -99.5733 0.0
35.5664 -79.54 20.0
47.2035 -122.3699 0.0
34.5537 -79.1763 0.0
41.8866 -111.4327 0.0
34.2387 -96.6806 0.0
40.6245 -96.6313 0.0
38.422 -80.6548 25.0
27.7609 -98.2389 0.0
40.839 -74.2776 0.0
29.2933 -97.1469 0.0
43.054 -89.3334 0.0
48.6477 -118.7326 0.0
42.0917 -78.4927 0.0
47.0103 -117.1395 0.0
43.9075 -90.9165 0.0
47.3475 -123.0952 0.0
43.3354 -89.03 0.0
48.5047 -119.5102 0.0
40.7637 -102.0441 0.0
48.5396 -98.6542 100.0
39.4407 -98.6993 0.0
34.3788 -111.4574 0.0
39.9873 -97.3537 0.0
41.1424 -84.5824 55.0
47.2798 -114.1658 45.0
31.721 -90.3859 70.0
34.7089 -85.2814 0.0
43.0044 -88.8084 0.0
45.6958 -90.4018 0.0
44.244 -86.3242 0.0
41.1816 -110.4274 0.0
43.3101 -88.5193 0.0
33.4329 -86.0976 0.0
40.1317 -99.4551 0.0
40.2046 -100.6213 0.0
44.9597 -90.9424 0.0
42.236 -96.472 0.0
37.3516 -81.2515 0.0
39.6715 -98.1525 20.0
37.4184 -87.4808 20.0
36.8463 -89.6909 0.0
37.23 -95.1836 0.0
41.2831 -80.4088 10.0
37.3057 -120.4779 0.0
39.2117 -83.8845 0.0
44.2281 -97.3096 0.0
32.7783 -104.3931 0.0
27.4116 -82.5659 0.0
39.3254 -79.5546 35.0
38.0506 -81.2717 10.0
28.0706 -97.0428 0.0
18.2116 -65.737 30.0
41.102 -87.8643 0.0
43.7222 -90.5941 0.0
41.0075 -78.4689 10.0
43.5068 -93.4851 0.0
18.3782 -65.9056 10.0
37.7562 -122.443 0.0
45.9049 -91.8286 0.0
42.9468 -73.6441 0.0
43.3204 -87.9481 40.0
33.5076 -94.6167 0.0
41.0064 -97.0583 25.0
44.9229 -89.9626 0.0
40.5257 -104.713 0.0
43.5065 -88.7085 0.0
42.8474 -90.7065 0.0
35.3601 -80.1919 0.0
34.7309 -76.6487 10.0
30.2956 -82.9847 0.0
35.7426 -81.323 0.0
34.3774 -82.6954 0.0
42.7628 -93.3656 0.0
40.0726 -105.5136 0.0
42.958 -77.0622 10.0
48.1034 -119.7751 10.0
43.6404 -94.1004 0.0
36.8052 -83.0575 0.0
46.0543 -97.5068 0.0
43.0827 -89.3923 0.0
37.7356 -81.15 10.0
42.8025 -73.9276 0.0
40.1144 -88.2735 0.0
33.5566 -97.844 0.0
55.4913 -133.1165 0.0
34.4285 -119.7202 0.0
40.2141 -76.1605 0.0
32.7538 -81.2412 0.0
41.1772 -91.1881 0.0
36.1087 -83.297 0.0
34.9386 -79.7608 0.0
37.2836 -100.343 0.0
33.7177 -83.8001 20.0
32.0998 -96.6377 0.0
29.6645 -91.1072 0.0
62.4624 -149.9371 0.0
38.945 -105.1619 0.0
40.2618 -81.848 10.0
30.7496 -98.2382 0.0
30.9301 -97.2291 0.0
41.1225 -78.7564 0.0
34.2824 -84.7472 0.0
36.4625 -83.5669 0.0
40.3264 -74.7906 0.0
48.6176 -122.3369 0.0
45.7476 -120.2161 0.0
39.1118 -100.3616 50.0
46.0669 -118.3365 0.0
29.5126 -97.4472 0.0
41.2867 -75.8967 0.0
41.4497 -97.0619 0.0
38.4782 -80.4082 25.0
45.5353 -92.0269 0.0
39.4072 -80.4911 0.0
47.0845 -119.8598 0.0
34.0053 -109.4611 0.0
40.8286 -87.5844 0.0
45.2591 -91.8142 0.0
33.2302 -87.4827 0.0
35.3525 -96.9647 10.0
44.7598 -93.6302 10.0
41.9314 -88.7482 0.0
36.9584 -78.2682 0.0
42.9661 -90.3296 0.0
29.0455 -95.5673 0.0
41.1966 -84.9245 0.0
38.9876 -81.9655 100.0
47.0407 -122.2757 0.0
44.6744 -88.8902 0.0
43.2499 -89.4996 0.0
38.5696 -75.5688 0.0
43.049 -106.9932 0.0
46.1636 -90.0527 0.0
40.7008 -99.0847 0.0
37.4433 -87.1474 0.0
37.6897 -97.3441 0.0
36.2215 -100.2621 0.0
29.4494 -82.2211 0.0
34.8938 -98.3581 10.0
42.9717 -89.0318 0.0
40.0051 -85.7692 0.0
44.3533 -121.1808 0.0
43.6598 -88.0075 0.0
43.2588 -88.6294 0.0
41.9979 -104.0461 0.0
45.925 -88.2525 0.0
28.8176 -97.8518 0.0
29.5091 -98.3084 0.0
43.5364 -90.4267 0.0
35.4862 -80.8271 0.0
29.54 -82.5186 0.0
40.5104 -96.1617 0.0
32.5379 -92.1981 0.0
62.0718 -163.2805 0.0
26.1903 -98.152 0.0
30.2497 -98.6593 0.0
42.4713 -91.339 0.0
41.0534 -74.7527 0.0
33.8436 -84.2021 0.0
33.1481 -88.1757 0.0
34.3149 -78.1454 0.0
36.9767 -82.5809 0.0
47.3743 -120.1382 0.0
42.117 -85.6337 0.0
36.964 -120.0803 0.0
35.3113 -78.6129 0.0
39.1266 -79.4609 0.0
35.6467 -88.27 0.0
34.5752 -80.0445 0.0
33.1473 -105.859 20.0
44.7963 -108.7682 0.0
46.6791 -109.7533 0.0
30.1493 -94.7377 0.0
46.3371 -117.0433 20.0
39.9665 -87.2786 0.0
38.4109 -82.4344 0.0
40.6861 -76.1699 0.0
33.0001 -93.8949 0.0
42.1106 -96.7114 0.0
35.4993 -94.547 40.0
34.1288 -96.2678 0.0
40.5848 -74.2284 0.0
41.49 -117.5323 0.0
40.9483 -81.4757 0.0
37.8509 -81.9857 0.0
32.917 -96.4377 0.0
41.7849 -107.2265 0.0
41.9648 -92.5746 0.0
29.8876 -90.0666 0.0
38.8069 -75.5907 0.0
30.5619 -81.832 0.0
29.6821 -90.5559 0.0
39.1458 -79.4958 0.0
41.8443 -91.6939 0.0
45.0025 -90.3308 0.0
39.7822 -94.1023 0.0
41.8806 -80.7984 0.0
31.017 -88.0249 0.0
31.4934 -93.4597 0.0
42.0516 -104.9595 0.0
34.2532 -89.0091 0.0
42.3297 -75.7694 0.0
47.9221 -97.0887 0.0
46.5022 -120.4668 0.0
39.3027 -87.9896 0.0
44.1333 -89.5209 0.0
43.2281 -86.2562 0.0
31.1591 -83.7708 0.0
40.6747 -82.8403 0.0
31.2253 -101.9394 0.0
29.4545 -95.0584 0.0
38.2902 -122.4598 0.0
31.7978 -95.1491 0.0
35.267 -120.6689 0.0
44.4423 -92.1483 0.0
38.4705 -78.0001 0.0
38.1741 -81.3241 0.0
39.0742 -121.8988 0.0
37.767 -122.2673 25.0
40.8501 -73.8662 0.0
37.4219 -104.6431 0.0
42.922 -93.0359 10.0
36.1813 -76.4673 0.0
39.0992 -75.557 0.0
41.64 -99.3688 0.0
40.5126 -89.9156 0.0
46.5801 -90.8715 0.0
44.5731 -106.9142 0.0
40.9276 -99.3901 0.0
36.5879 -89.5505 0.0
40.1055 -94.0066 0.0
40.4095 -91.403 10.0
48.9143 -122.6397 0.0
47.5948 -120.6633 0.0
40.7498 -73.7976 0.0
33.9128 -82.2876 0.0
45.0695 -88.0348 0.0
43.7718 -88.4397 0.0
39.4666 -120.841 10.0
37.0656 -79.3474 0.0
40.6359 -78.3001 0.0
38.2234 -82.4428 0.0
39.2484 -88.1598 0.0
26.6932 -80.0406 0.0
33.6266 -96.6195 0.0
34.8477 -79.1395 0.0
46.9489 -123.2736 0.0
36.1832 -95.7663 0.0
40.8959 -76.7938 0.0
40.926 -75.0945 10.0
42.946 -98.8285 0.0
32.3184 -95.3065 0.0
32.3875 -83.3523 10.0
35.2439 -82.7265 0.0
39.58 -87.5877 0.0
39.2703 -123.7817 0.0
39.1147 -75.5631 0.0
46.4219 -90.8081 0.0
34.6881 -90.381 0.0
42.7541 -105.3968 0.0
43.0118 -88.5903 0.0
36.9314 -82.6262 0.0
33.5444 -90.5373 25.0
41.7733 -112.445 0.0
46.9032 -117.3394 0.0
42.5007 -90.7067 10.0
38.4699 -85.9491 0.0
29.7569 -82.862 0.0
35.1698 -79.7231 0.0
37.1827 -89.0849 0.0
42.8397 -91.6594 0.0
40.1999 -77.2043 0.0
40.9163 -95.9267 0.0
37.1051 -76.5185 0.0
39.1487 -122.1373 0.0
38.3714 -97.6606 0.0
45.266 -93.62 0.0
40.8203 -74.1057 0.0
28.5403 -81.7296 0.0
33.6069 -89.2787 0.0
32.1315 -101.7928 0.0
36.064 -87.3668 0.0
33.2995 -81.0323 0.0
44.9732 -92.5505 0.0
40.0498 -107.8953 0.0
35.3861 -78.5436 0.0
41.4017 -74.327 50.0
30.9504 -87.1523 0.0
34.1417 -117.2945 0.0
39.9173 -77.5995 0.0
31.1965 -98.7244 0.0
43.0361 -92.4584 0.0
45.6415 -84.4685 0.0
44.7749 -88.5844 0.0
36.1536 -85.6349 0.0
45.0869 -87.6327 0.0
44.2746 -94.1885 0.0
32.8086 -107.9221 0.0
18.4382 -67.1536 25.0
37.724 -81.1267 0.0
39.2863 -89.1068 0.0
44.7322 -85.1782 0.0
30.9185 -99.7837 0.0
30.047 -94.7908 0.0
32.3261 -93.2837 0.0
39.7879 -93.1697 0.0
44.1345 -91.5485 0.0
42.9252 -89.3887 0.0
39.1839 -91.0165 0.0
46.5737 -119.0013 0.0
38.2807 -77.1896 0.0
48.9839 -122.7414 0.0
33.2348 -87.5266 0.0
32.9477 -88.2674 10.0
35.2418 -91.7351 0.0
33.7335 -85.2859 0.0
41.0216 -78.439 0.0
43.8995 -98.1442 0.0
33.1746 -87.2314 0.0
31.4436 -91.7191 0.0
31.9005 -98.6044 0.0
34.2879 -78.7083 35.0
41.0176 -93.3095 0.0
42.8725 -83.9108 0.0
30.6657 -96.3668 0.0
34.7595 -79.6069 0.0
30.7508 -98.6763 0.0
45.3194 -92.6935 0.0
47.9277 -122.097 35.0
43.0087 -88.2464 0.0
41.9934 -79.5014 10.0
45.7092 -121.5258 0.0
44.8466 -85.7941 0.0
32.1632 -92.977 0.0
40.5059 -96.7063 0.0
33.4336 -96.1651 0.0
43.4516 -76.5005 0.0
34.5462 -80.5873 0.0
33.6216 -100.329 0.0
29.6541 -97.8 0.0
30.1118 -97.3257 0.0
32.517 -97.3343 0.0
43.0642 -87.9673 0.0
36.6953 -76.6398 0.0
44.6735 -92.9643 0.0
40.5511 -94.8169 0.0
34.2611 -111.2197 0.0
37.6366 -99.7539 0.0
42.6388 -89.1712 25.0
29.6351 -82.6047 0.0
45.3138 -85.2557 0.0
44.954 -92.3709 0.0
43.7403 -87.7316 0.0
40.7211 -76.1903 0.0
33.2925 -84.4588 0.0
36.5087 -104.9115 0.0
27.9788 -82.7624 20.0
38.9047 -77.0163 0.0
43.3244 -88.1668 0.0
35.8038 -118.6786 0.0
18.4491 -66.7387 50.0
40.366 -104.7389 0.0
42.5305 -88.594 0.0
44.1422 -83.7875 0.0
40.1095 -104.967 0.0
35.2323 -100.6001 0.0
40.3934 -81.4005 0.0
38.8304 -82.136 0.0
32.0982 -93.2193 0.0
34.2289 -103.5519 0.0
38.8531 -77.2997 0.0
35.7106 -77.2677 0.0
32.0264 -89.9715 0.0
32.7341 -96.2939 0.0
18.4825 -66.8501 30.0
44.1935 -88.2941 0.0
32.2105 -99.7993 0.0
33.3716 -95.6912 0.0
41.2993 -86.1168 0.0
47.3848 -117.1748 25.0
40.8574 -74.1282 0.0
48.173 -117.7244 10.0
33.8101 -90.5304 0.0
36.0737 -88.8159 10.0
32.322 -90.9414 0.0
41.823 -71.4187 0.0
32.3618 -92.9788 35.0
41.0333 -74.1333 20.0
42.8901 -97.3926 0.0
39.6649 -104.1456 0.0
30.7715 -88.0793 0.0
38.6663 -80.7116 0.0
33.5816 -84.3392 0.0
39.9259 -88.964 0.0
42.514 -73.6108 0.0
33.5523 -94.7804 0.0
47.2822 -117.1557 0.0
47.8393 -103.6426 0.0
46.5923 -120.5496 0.0
42.5378 -88.0149 0.0
39.0489 -74.8464 0.0
38.2976 -122.3011 0.0
42.5702 -90.3835 0.0
28.4015 -81.4461 0.0
35.0592 -77.02 0.0
46.8568 -99.9181 0.0
46.8002 -96.8333 0.0
44.9639 -92.7316 0.0
38.0695 -103.2236 10.0
44.4214 -92.0044 0.0
31.847 -96.8003 0.0
33.0617 -96.3188 0.0
31.9866 -97.8719 0.0
30.2903 -99.2459 0.0
42.9342 -93.7933 0.0
33.1932 -86.6115 0.0
30.8758 -90.5138 0.0
37.0335 -88.6859 0.0
43.1833 -90.8569 0.0
33.2176 -97.1419 0.0
42.5864 -87.8762 0.0
31.6276 -95.5789 0.0
44.0991 -87.6811 25.0
39.6017 -78.945 0.0
31.8479 -106.4309 0.0
39.308 -81.8974 0.0
25.7839 -80.2102 0.0
44.9586 -92.1705 0.0
40.3117 -74.4477 0.0
32.5423 -93.2947 0.0
35.8914 -102.3933 0.0
37.4268 -81.5078 0.0
33.7065 -90.7249 0.0
47.6771 -114.1874 0.0
36.1996 -119.3401 0.0
18.1638 -66.7235 25.0
42.4162 -88.6642 0.0
40.4036 -73.9898 0.0
43.9958 -96.3117 0.0
36.2896 -93.3038 0.0
47.5764 -98.591 0.0
40.2189 -79.4892 0.0
33.9559 -94.9348 0.0
39.2049 -122.0096 0.0
39.2272 -75.6646 0.0
42.3575 -94.0535 0.0
36.7335 -76.0435 0.0
18.2264 -65.9163 10.0
30.9791 -96.6716 0.0
32.7692 -98.3008 0.0
32.8886 -109.8437 0.0
32.2957 -101.3089 0.0
66.0452 -154.2376 0.0
35.6791 -84.3998 0.0
41.6406 -122.526 0.0
31.8132 -85.8364 0.0
45.4057 -91.7423 10.0
33.4506 -91.0018 0.0
33.6659 -95.4768 0.0
41.9641 -103.9247 0.0
33.5304 -81.727 0.0
44.7364 -92.4806 0.0
31.745 -98.9374 0.0
41.0797 -84.7272 0.0
34.2147 -89.9481 0.0
18.333 -65.6592 0.0
47.3668 -122.1044 0.0
37.3591 -78.8269 0.0
44.9485 -90.5621 0.0
30.5833 -91.1581 30.0
34.8726 -88.6428 0.0
46.5575 -122.2815 0.0
38.3962 -79.9191 0.0
32.7951 -95.4443 0.0
31.8941 -96.7151 0.0
31.2583 -93.0194 0.0
37.4755 -105.877 35.0
29.9474 -82.1129 0.0
34.7686 -96.6689 0.0
40.8387 -115.7674 10.0
32.7133 -100.9113 0.0
46.4354 -91.06 0.0
37.3224 -88.9405 15.0
48.9168 -122.1383 0.0
33.6788 -101.3845 0.0
40.8034 -85.8301 0.0
43.9837 -84.4877 0.0
42.1533 -90.5923 0.0
27.8434 -82.7839 0.0
36.7528 -106.5598 20.0
40.5686 -77.4047 0.0
26.9027 -99.2612 0.0
46.5064 -108.0862 0.0
42.2047 -98.7486 0.0
40.7239 -115.479 0.0
47.6256 -122.2338 0.0
35.9641 -95.3791 0.0
30.0996 -96.0781 0.0
46.2409 -91.7995 0.0
41.0595 -74.1454 0.0
44.3083 -91.2425 0.0
39.8379 -75.1524 0.0
32.0008 -96.3825 0.0
40.9351 -102.5257 15.0
35.8406 -89.4081 0.0
30.3006 -97.7517 0.0
37.0241 -96.1774 0.0
41.6857 -93.7174 10.0
39.6873 -105.2719 0.0
32.0501 -93.336 0.0
42.1769 -96.7 0.0
39.1922 -84.6593 0.0
32.3406 -89.3295 0.0
35.3317 -107.6469 0.0
31.2345 -94.7665 0.0
26.108 -98.2481 0.0
41.5979 -102.8524 0.0
18.441 -66.3993 0.0
35.743 -95.3566 0.0
31.2668 -102.6947 35.0
41.2487 -78.7542 10.0
37.6973 -77.8944 0.0
33.2184 -92.664 0.0
37.8737 -89.9497 0.0
40.3484 -104.7062 0.0
28.5536 -81.6358 0.0
34.5166 -77.9174 0.0
60.5405 -150.8089 0.0
44.9533 -91.0398 0.0
36.5656 -119.7405 40.0
28.6708 -97.3916 0.0
39.8857 -85.6086 0.0
47.219 -122.2338 0.0
34.936 -104.6769 0.0
42.2657 -104.743 25.0
30.1215 -97.8724 0.0
48.3357 -122.3444 0.0
39.3436 -104.458 0.0
28.9451 -82.3781 0.0
41.9166 -116.1822 0.0
37.2754 -82.0988 0.0
36.0052 -88.4181 0.0
48.3118 -116.5173 0.0
44.7544 -90.2983 0.0
44.5703 -88.0921 0.0
44.7962 -106.9643 10.0
40.3683 -76.9296 0.0
47.5167 -92.7227 0.0
31.8968 -95.152 0.0
40.2902 -98.2596 0.0
48.7939 -97.6226 0.0
43.4053 -88.7041 0.0
42.1073 -91.0153 0.0
34.3225 -78.9287 0.0
42.7986 -87.8762 0.0
35.7456 -90.5547 0.0
42.7965 -77.0679 0.0
35.6048 -85.9117 0.0
60.1124 -149.3925 0.0
35.9024 -109.0321 0.0
44.1202 -88.0991 0.0
42.7539 -113.4901 0.0
37.8723 -122.276 0.0
43.8241 -91.2268 25.0
27.2414 -80.8298 0.0
32.2935 -84.0623 0.0
35.2904 -81.5451 0.0
30.6782 -88.1163 0.0
43.322 -88.3782 0.0
45.0349 -90.0792 0.0
45.7353 -121.8219 0.0
44.3328 -91.4172 0.0
36.2111 -81.6668 0.0
35.7767 -88.9861 0.0
46.9837 -120.4191 0.0
30.6127 -94.4104 0.0
46.7766 -88.4965 0.0
35.9795 -78.9032 0.0
35.0992 -97.5663 0.0
39.4738 -118.7781 0.0
46.184 -103.3991 0.0
33.1597 -99.732 0.0
27.3386 -82.543 0.0
29.5482 -82.888 0.0
32.3561 -97.4145 0.0
48.6609 -99.8417 0.0
35.6137 -96.0068 0.0
36.202 -89.1879 0.0
42.5313 -75.0888 0.0
41.2375 -81.0373 0.0
40.889 -109.4751 0.0
40.6129 -80.5627 0.0
45.4236 -84.6236 0.0
41.9427 -103.8097 0.0
31.6135 -94.6528 10.0
36.2354 -98.3354 0.0
42.8854 -88.0104 0.0
33.2419 -81.3659 0.0
46.6493 -92.1883 0.0
34.6555 -90.7351 0.0
41.0488 -73.9407 0.0
47.8417 -120.027 55.0
40.2962 -78.896 0.0
36.2123 -95.0382 0.0
29.4479 -82.468 0.0
47.2611 -122.2507 0.0
47.0626 -98.829 25.0
37.1371 -76.8333 0.0
42.8182 -78.8326 0.0
27.3672 -81.9048 0.0
40.7511 -88.4097 0.0
26.2941 -98.6109 10.0
47.5425 -96.5271 35.0
37.2209 -77.2683 0.0
40.9366 -94.8954 0.0
42.8983 -110.9432 0.0
45.4562 -123.8331 0.0
42.2749 -85.5882 20.0
48.8903 -121.9323 20.0
33.2285 -84.569 0.0
34.1161 -117.889 0.0
46.0034 -102.635 10.0
29.8457 -90.7238 0.0
42.7391 -93.5504 0.0
39.6471 -79.9974 0.0
43.2255 -97.9658 0.0
37.9747 -90.0481 0.0
36.1284 -95.9043 0.0
36.2217 -82.3293 0.0
38.4662 -81.0814 0.0
41.4517 -106.8107 0.0
48.523 -122.0634 0.0
39.7783 -75.6049 0.0
28.9274 -81.6651 0.0
31.3431 -93.8512 0.0
46.9428 -98.2238 0.0
34.634 -120.1156 0.0
32.9997 -94.9668 0.0
